5	54033424	54033524	-	0	5	5	54033459
5	54083653	54083758	-	0	7	7	54083677
5	54180664	54180866	+	14	0	9	54180746
5	54407705	54408075	-	0	148	79	54407923
5	54417418	54417672	-	0	118	60	54417539
5	54418204	54418472	-	0	109	70	54418295
5	54422007	54422151	+	45	0	38	54422083
5	54423791	54424009	+	108	2	74	54423861
5	54431331	54431491	-	4	29	20	54431399
5	54433633	54433940	+	220	1	124	54433815
5	54434989	54435166	-	1	42	24	54435078
5	54441775	54442015	-	0	56	31	54441876
5	54448808	54448947	+	14	0	11	54448848
5	54454979	54455113	-	0	22	17	54455037
5	54457622	54457817	+	51	0	37	54457747
5	54464480	54464735	-	14	163	91	54464611
5	54464862	54465384	-	6	5680	3098	54465064
5	54483864	54483964	-	0	5	5	54483900
5	54513403	54513566	-	0	40	30	54513486
5	54514350	54514604	-	0	55	26	54514449
5	54514789	54515346	-	43	56	32	54515142
5	54525200	54525473	-	0	125	80	54525368
5	54525650	54525899	-	0	47	22	54525742
5	54533295	54533543	+	88	0	50	54533411
5	54535642	54535832	+	66	0	46	54535755
5	54539035	54539282	+	80	0	50	54539154
5	54539446	54539546	+	19	1	15	54539529
5	54544358	54544518	+	21	0	14	54544449
5	54545136	54545342	-	0	51	37	54545211
5	54555439	54555551	-	0	14	12	54555502
5	54560676	54560801	+	35	0	24	54560744
5	54560960	54561100	+	37	0	31	54561028
5	54561953	54562088	-	0	41	32	54562023
5	54562425	54562862	-	0	214	95	54562602
5	54573414	54573642	+	76	1	41	54573537
5	54574221	54574429	+	56	0	34	54574349
5	54578396	54578542	-	2	38	26	54578472
5	54581775	54581948	+	35	5	23	54581881
5	54583520	54583695	+	48	0	28	54583573
5	54585451	54585571	-	0	27	20	54585499
5	54590007	54590155	-	1	21	18	54590064
5	54591089	54591192	+	17	0	17	54591108
5	54597188	54597485	+	96	1	68	54597310
5	54598172	54598296	+	47	0	39	54598242
5	54605102	54605202	+	23	0	18	54605128
5	54605734	54605909	+	44	0	25	54605774
5	54606173	54606283	+	26	0	18	54606190
5	54608843	54608978	+	36	0	25	54608927
5	54611380	54611605	+	59	0	39	54611506
5	54618310	54618560	+	301	0	198	54618399
5	54621867	54622120	+	57	4	28	54621997
5	54632024	54632124	+	12	0	10	54632072
5	54634716	54634923	-	1	35	22	54634800
5	54637978	54638233	+	72	0	44	54638144
5	54655659	54655761	+	12	0	10	54655709
5	54658050	54658232	-	0	31	18	54658143
5	54661391	54661706	+	71	0	31	54661458
5	54663005	54663224	+	75	1	50	54663140
5	54668386	54668595	+	52	0	33	54668493
5	54673516	54673731	+	72	0	51	54673604
5	54681898	54681998	+	8	0	7	54681977
5	54688024	54688271	+	89	0	61	54688182
5	54690558	54690768	+	79	0	51	54690674
5	54690996	54691129	+	36	1	26	54691070
5	54692069	54692242	+	39	0	25	54692148
5	54693820	54693939	+	27	0	17	54693848
5	54698759	54699131	+	71	4	32	54698852
5	54705593	54705797	+	33	1	21	54705683
5	54710780	54710944	+	35	0	25	54710864
5	54712182	54712355	+	27	0	19	54712266
5	54713811	54713970	+	26	1	20	54713884
5	54721535	54721646	+	19	0	18	54721591
5	54722594	54722830	+	52	10	36	54722703
5	54726354	54726505	+	44	0	29	54726415
5	54728044	54728231	-	4	62	43	54728141
5	54728715	54728929	+	62	0	35	54728811
5	54731601	54731739	+	35	1	22	54731659
5	54733043	54733214	+	62	0	41	54733172
5	54738770	54738877	+	21	1	15	54738832
5	54741491	54741687	-	0	64	46	54741583
5	54744422	54744684	-	0	52	21	54744511
5	54747496	54747712	-	0	45	30	54747582
5	54749009	54749109	-	0	18	15	54749045
5	54754441	54754636	+	30	0	19	54754537
5	54760188	54760396	-	0	53	34	54760294
5	54760979	54761104	-	0	22	15	54761039
5	54764363	54764493	-	1	32	28	54764429
5	54769921	54770116	-	0	99	69	54770020
5	54770851	54771082	-	1	155	96	54770950
5	54772002	54772311	-	0	99	53	54772224
5	54773361	54773525	-	0	59	39	54773439
5	54774982	54775250	-	1	60	25	54775052
5	54781412	54781579	-	0	38	26	54781483
5	54786092	54786264	-	0	48	32	54786167
5	54789443	54789594	+	47	0	32	54789533
5	54790473	54790700	+	88	2	56	54790570
5	54791794	54791979	-	0	50	30	54791875
5	54793328	54793551	-	0	85	49	54793426
5	54796077	54796194	-	0	30	27	54796140
5	54800046	54800207	+	33	1	23	54800125
5	54803826	54803972	-	0	32	18	54803875
5	54805432	54805625	-	1	50	31	54805511
5	54807560	54807733	-	2	44	20	54807669
5	54809220	54809537	-	0	78	30	54809278
5	54811762	54811929	-	0	57	37	54811848
5	54813105	54813442	-	0	103	43	54813193
5	54814408	54814620	-	0	84	47	54814490
5	54819026	54819184	-	0	33	20	54819091
5	54822455	54822676	+	33	0	18	54822588
5	54828139	54828334	-	0	37	26	54828229
5	54829358	54829458	-	0	12	9	54829431
5	54919188	54919397	-	0	25	17	54919304
5	54928933	54929133	-	0	31	19	54929011
5	54935920	54936090	-	0	29	19	54936005
5	54940366	54940488	-	1	22	17	54940404
5	54943098	54943313	-	0	51	27	54943226
5	54947300	54947537	-	0	47	25	54947440
5	54952813	54953129	-	0	69	29	54952890
5	54953470	54953582	-	0	28	22	54953521
5	54956957	54957206	+	159	1	101	54957092
5	54958771	54959057	+	358	1	210	54958948
5	54963565	54963844	-	6	113	58	54963683
5	54964329	54964533	-	1	64	38	54964424
5	54967450	54967603	-	1	63	40	54967549
5	54969651	54969947	-	0	131	74	54969737
5	54974106	54974238	-	3	35	28	54974155
5	54974616	54974908	-	0	90	35	54974706
5	54975183	54975327	-	0	46	34	54975230
5	54975545	54975687	-	0	47	37	54975604
5	54981587	54981735	-	0	31	19	54981668
5	54982579	54982794	-	1	64	47	54982643
5	54984314	54984526	-	5	54	34	54984365
5	54993195	54993559	-	1	460	278	54993327
5	54998408	54998508	-	0	14	10	54998444
5	54998766	54998963	-	0	18	11	54998818
